v3d grad scr probe
  W f041d020 00001d00 
  poll ok after us: 000006c8 last 3c001908 
  W f12041b0 00000001 
  poll ok after us: 000006c7 last 00000003 
  W f1204008 00000001 
  W f1204008 00000000 
  W f1200000 0000000f 
  W f1208060 ffffffff 
  W f1208058 ffffffff 
  W f1208064 00000007 
  W f1204100 000e0000 
  W f1204120 000f0002 
  W f1208018 00000001 
  W f1200000 0000000f 
  W f1201000 00000001 
  W f1208138 00000001 
  W f12081b0 00000003 
  W f1200470 00000003 
  W f1208034 00000000 
  W f1208038 ffffffff 
 before the job:
  f1208050 00000000 
  f120805c 00ff0038 
  f1208100 00000000 
  f1208104 00000000 
  f1208108 00000000 
  f1208110 00000000 
  f1208300 00000000 
  f120810c 00000000 
  f1208114 00000000 
  f1208134 00000000 
  f1208138 00000000 
  f1200050 00000000 
  W f1208030 00000001 
  W f1208024 0f0f0f0f 
  W f1208058 00000007 
  W f120830c 00000000 
  W f1208170 04000000 
  W f1208174 00100000 
  W f1208160 010013c0 
  W f1208168 01001408 
  poll ok after us: 000006c7 last 00000002 
 after the binner job:
  f1208050 00000002 
  f120805c 00ff0038 
  f1208100 00000000 
  f1208104 00000000 
  f1208108 01001408 
  f1208110 01001408 
  f1208300 04003000 
  f120810c 00000000 
  f1208114 00000000 
  f1208134 00000001 
  f1208138 00000000 
  f1200050 00000000 
  W f1208030 00000001 
  W f1208024 0f0f0f0f 
  W f1208058 00000007 
  W f1208178 00000001 
  W f1208164 01001300 
  W f120816c 0100135f 
  poll ok after us: 000006c7 last 00000001 
 after the job:
  f1208050 00000001 
  f120805c 00ff0038 
  f1208100 00000000 
  f1208104 00000000 
  f1208108 01001408 
  f1208110 01001408 
  f1208300 04003000 
  f120810c 0100135f 
  f1208114 0100135f 
  f1208134 00000001 
  f1208138 00000001 
  f1200050 00000000 
  scratch: changed halfwords / f800 / 001f: 00001000 00000000 00000000 
  00000000 : 00000000 00000000 00000000 00000000 00000000 00000000 00000000 00000000 
  0000001c : 00000000 00000000 00000000 00000000 deadbeef deadbeef deadbeef deadbeef 
  0000ec40 : 00000000 00000000 00000000 00000000 00000000 00000000 00000000 00000000 
  0000f000 : deadbeef deadbeef deadbeef deadbeef deadbeef deadbeef deadbeef deadbeef 
  tile rows (row, then 32 words = 64 pixels):
00000000 00000000 00000000 00000000 00000000 00000000 00000000 00000000 00000000 00000000 00000000 00000000 00000000 00000000 00000000 00000000 00000000 00000000 00000000 00000000 00000000 00000000 00000000 00000000 00000000 00000000 00000000 00000000 00000000 00000000 00000000 00000000 00000000 
00000001 00000000 00000000 00000000 00000000 00000000 00000000 00000000 00000000 00000000 00000000 00000000 00000000 00000000 00000000 00000000 00000000 00000000 00000000 00000000 00000000 00000000 00000000 00000000 00000000 00000000 00000000 00000000 00000000 00000000 00000000 00000000 00000000 
00000002 00000000 00000000 00000000 00000000 00000000 00000000 00000000 00000000 00000000 00000000 00000000 00000000 00000000 00000000 00000000 00000000 00000000 00000000 00000000 00000000 00000000 00000000 00000000 00000000 00000000 00000000 00000000 00000000 00000000 00000000 00000000 00000000 
00000003 00000000 00000000 00000000 00000000 00000000 00000000 00000000 00000000 00000000 00000000 00000000 00000000 00000000 00000000 00000000 00000000 00000000 00000000 00000000 00000000 00000000 00000000 00000000 00000000 00000000 00000000 00000000 00000000 00000000 00000000 00000000 00000000 
00000004 00000000 00000000 00000000 00000000 00000000 00000000 00000000 00000000 00000000 00000000 00000000 00000000 00000000 00000000 00000000 00000000 00000000 00000000 00000000 00000000 00000000 00000000 00000000 00000000 00000000 00000000 00000000 00000000 00000000 00000000 00000000 00000000 
00000005 00000000 00000000 00000000 00000000 00000000 00000000 00000000 00000000 00000000 00000000 00000000 00000000 00000000 00000000 00000000 00000000 00000000 00000000 00000000 00000000 00000000 00000000 00000000 00000000 00000000 00000000 00000000 00000000 00000000 00000000 00000000 00000000 
00000006 00000000 00000000 00000000 00000000 00000000 00000000 00000000 00000000 00000000 00000000 00000000 00000000 00000000 00000000 00000000 00000000 00000000 00000000 00000000 00000000 00000000 00000000 00000000 00000000 00000000 00000000 00000000 00000000 00000000 00000000 00000000 00000000 
00000007 00000000 00000000 00000000 00000000 00000000 00000000 00000000 00000000 00000000 00000000 00000000 00000000 00000000 00000000 00000000 00000000 00000000 00000000 00000000 00000000 00000000 00000000 00000000 00000000 00000000 00000000 00000000 00000000 00000000 00000000 00000000 00000000 
00000008 00000000 00000000 00000000 00000000 21002100 29002900 31003100 39003900 41004100 49004900 51005100 59005900 61006100 69006900 71007100 79007900 81008100 89008100 91008900 99009100 a1009900 a900a100 b100a900 b900b100 c100b900 c900c100 d100c900 d900d100 00000000 00000000 00000000 00000000 
00000009 00000000 00000000 00000000 00000000 21200000 29202920 31203120 39203920 41204120 49204920 51205120 59205920 61206120 69206920 71207120 79207920 81208120 89208120 91208920 99209120 a1209920 a920a120 b120a920 b920b120 c120b920 c920c120 d120c920 0000d120 00000000 00000000 00000000 00000000 
0000000a 00000000 00000000 00000000 00000000 21400000 29402940 31403140 39403940 41404140 49404940 51405140 59405940 61406140 69406940 71407140 79407940 81408140 89408140 91408940 99409140 a1409940 a940a140 b140a940 b940b140 c140b940 c940c140 d140c940 0000d140 00000000 00000000 00000000 00000000 
0000000b 00000000 00000000 00000000 00000000 00000000 29602960 31603160 39603960 41604160 49604960 51605160 59605960 61606160 69606960 71607160 79607960 81608160 89608160 91608960 99609160 a1609960 a960a160 b160a960 b960b160 c160b960 c960c160 d160c960 00000000 00000000 00000000 00000000 00000000 
0000000c 00000000 00000000 00000000 00000000 00000000 29802980 31803180 39803980 41804180 49804980 51805180 59805980 61806180 69806980 71807180 79807980 81808180 89808180 91808980 99809180 a1809980 a980a180 b180a980 b980b180 c180b980 c980c180 d180c980 00000000 00000000 00000000 00000000 00000000 
0000000d 00000000 00000000 00000000 00000000 00000000 29a00000 31a031a0 39a039a0 41a041a0 49a049a0 51a051a0 59a059a0 61a061a0 69a069a0 71a071a0 79a079a0 81a081a0 89a081a0 91a089a0 99a091a0 a1a099a0 a9a0a1a0 b1a0a9a0 b9a0b1a0 c1a0b9a0 c9a0c1a0 0000c9a0 00000000 00000000 00000000 00000000 00000000 
0000000e 00000000 00000000 00000000 00000000 00000000 29c00000 31c031c0 39c039c0 41c041c0 49c049c0 51c051c0 59c059c0 61c061c0 69c069c0 71c071c0 79c079c0 81c081c0 89c081c0 91c089c0 99c091c0 a1c099c0 a9c0a1c0 b1c0a9c0 b9c0b1c0 c1c0b9c0 c9c0c1c0 0000c9c0 00000000 00000000 00000000 00000000 00000000 
0000000f 00000000 00000000 00000000 00000000 00000000 00000000 31e031e0 39e039e0 41e041e0 49e049e0 51e051e0 59e059e0 61e061e0 69e069e0 71e071e0 79e079e0 81e081e0 89e081e0 91e089e0 99e091e0 a1e099e0 a9e0a1e0 b1e0a9e0 b9e0b1e0 c1e0b9e0 c9e0c1e0 00000000 00000000 00000000 00000000 00000000 00000000 
00000010 00000000 00000000 00000000 00000000 00000000 00000000 32003200 3a003a00 42004200 4a004a00 52005200 5a005a00 62006200 6a006a00 72007200 7a007a00 82008200 8a008200 92008a00 9a009200 a2009a00 aa00a200 b200aa00 ba00b200 c200ba00 ca00c200 00000000 00000000 00000000 00000000 00000000 00000000 
00000011 00000000 00000000 00000000 00000000 00000000 00000000 32200000 3a203a20 42204220 4a204a20 52205220 5a205a20 62206220 6a206a20 72207220 7a207a20 82208220 8a208220 92208a20 9a209220 a2209a20 aa20a220 b220aa20 ba20b220 c220ba20 0000c220 00000000 00000000 00000000 00000000 00000000 00000000 
00000012 00000000 00000000 00000000 00000000 00000000 00000000 32400000 3a403a40 42404240 4a404a40 52405240 5a405a40 62406240 6a406a40 72407240 7a407a40 82408240 8a408240 92408a40 9a409240 a2409a40 aa40a240 b240aa40 ba40b240 c240ba40 0000c240 00000000 00000000 00000000 00000000 00000000 00000000 
00000013 00000000 00000000 00000000 00000000 00000000 00000000 00000000 3a603a60 42604260 4a604a60 52605260 5a605a60 62606260 6a606a60 72607260 7a607a60 82608260 8a608260 92608a60 9a609260 a2609a60 aa60a260 b260aa60 ba60b260 c260ba60 00000000 00000000 00000000 00000000 00000000 00000000 00000000 
00000014 00000000 00000000 00000000 00000000 00000000 00000000 00000000 3a803a80 42804280 4a804a80 52805280 5a805a80 62806280 6a806a80 72807280 7a807a80 82808280 8a808280 92808a80 9a809280 a2809a80 aa80a280 b280aa80 ba80b280 c280ba80 00000000 00000000 00000000 00000000 00000000 00000000 00000000 
00000015 00000000 00000000 00000000 00000000 00000000 00000000 00000000 3aa00000 42a042a0 4aa04aa0 52a052a0 5aa05aa0 62a062a0 6aa06aa0 72a072a0 7aa07aa0 82a082a0 8aa082a0 92a08aa0 9aa092a0 a2a09aa0 aaa0a2a0 b2a0aaa0 baa0b2a0 0000baa0 00000000 00000000 00000000 00000000 00000000 00000000 00000000 
00000016 00000000 00000000 00000000 00000000 00000000 00000000 00000000 3ac00000 42c042c0 4ac04ac0 52c052c0 5ac05ac0 62c062c0 6ac06ac0 72c072c0 7ac07ac0 82c082c0 8ac082c0 92c08ac0 9ac092c0 a2c09ac0 aac0a2c0 b2c0aac0 bac0b2c0 0000bac0 00000000 00000000 00000000 00000000 00000000 00000000 00000000 
00000017 00000000 00000000 00000000 00000000 00000000 00000000 00000000 00000000 42e042e0 4ae04ae0 52e052e0 5ae05ae0 62e062e0 6ae06ae0 72e072e0 7ae07ae0 82e082e0 8ae082e0 92e08ae0 9ae092e0 a2e09ae0 aae0a2e0 b2e0aae0 bae0b2e0 00000000 00000000 00000000 00000000 00000000 00000000 00000000 00000000 
00000018 00000000 00000000 00000000 00000000 00000000 00000000 00000000 00000000 43004300 4b004b00 53005300 5b005b00 63006300 6b006b00 73007300 7b007b00 83008300 8b008300 93008b00 9b009300 a3009b00 ab00a300 b300ab00 bb00b300 00000000 00000000 00000000 00000000 00000000 00000000 00000000 00000000 
00000019 00000000 00000000 00000000 00000000 00000000 00000000 00000000 00000000 43200000 4b204b20 53205320 5b205b20 63206320 6b206b20 73207320 7b207b20 83208320 8b208320 93208b20 9b209320 a3209b20 ab20a320 b320ab20 0000b320 00000000 00000000 00000000 00000000 00000000 00000000 00000000 00000000 
0000001a 00000000 00000000 00000000 00000000 00000000 00000000 00000000 00000000 43400000 4b404b40 53405340 5b405b40 63406340 6b406b40 73407340 7b407b40 83408340 8b408340 93408b40 9b409340 a3409b40 ab40a340 b340ab40 0000b340 00000000 00000000 00000000 00000000 00000000 00000000 00000000 00000000 
0000001b 00000000 00000000 00000000 00000000 00000000 00000000 00000000 00000000 00000000 4b604b60 53605360 5b605b60 63606360 6b606b60 73607360 7b607b60 83608360 8b608360 93608b60 9b609360 a3609b60 ab60a360 b360ab60 00000000 00000000 00000000 00000000 00000000 00000000 00000000 00000000 00000000 
0000001c 00000000 00000000 00000000 00000000 00000000 00000000 00000000 00000000 00000000 4b804b80 53805380 5b805b80 63806380 6b806b80 73807380 7b807b80 83808380 8b808380 93808b80 9b809380 a3809b80 ab80a380 b380ab80 00000000 00000000 00000000 00000000 00000000 00000000 00000000 00000000 00000000 
0000001d 00000000 00000000 00000000 00000000 00000000 00000000 00000000 00000000 00000000 4ba00000 53a053a0 5ba05ba0 63a063a0 6ba06ba0 73a073a0 7ba07ba0 83a083a0 8ba083a0 93a08ba0 9ba093a0 a3a09ba0 aba0a3a0 0000aba0 00000000 00000000 00000000 00000000 00000000 00000000 00000000 00000000 00000000 
0000001e 00000000 00000000 00000000 00000000 00000000 00000000 00000000 00000000 00000000 4bc00000 53c053c0 5bc05bc0 63c063c0 6bc06bc0 73c073c0 7bc07bc0 83c083c0 8bc083c0 93c08bc0 9bc093c0 a3c09bc0 abc0a3c0 0000abc0 00000000 00000000 00000000 00000000 00000000 00000000 00000000 00000000 00000000 
0000001f 00000000 00000000 00000000 00000000 00000000 00000000 00000000 00000000 00000000 00000000 53e053e0 5be05be0 63e063e0 6be06be0 73e073e0 7be07be0 83e083e0 8be083e0 93e08be0 9be093e0 a3e09be0 abe0a3e0 00000000 00000000 00000000 00000000 00000000 00000000 00000000 00000000 00000000 00000000 
00000020 00000000 00000000 00000000 00000000 00000000 00000000 00000000 00000000 00000000 00000000 54005400 5c005c00 64006400 6c006c00 74007400 7c007c00 84008400 8c008400 94008c00 9c009400 a4009c00 ac00a400 00000000 00000000 00000000 00000000 00000000 00000000 00000000 00000000 00000000 00000000 
00000021 00000000 00000000 00000000 00000000 00000000 00000000 00000000 00000000 00000000 00000000 54000000 5c005c00 64006400 6c006c00 74007400 7c007c00 84008400 8c008400 94008c00 9c009400 a4009c00 0000a400 00000000 00000000 00000000 00000000 00000000 00000000 00000000 00000000 00000000 00000000 
00000022 00000000 00000000 00000000 00000000 00000000 00000000 00000000 00000000 00000000 00000000 54200000 5c205c20 64206420 6c206c20 74207420 7c207c20 84208420 8c208420 94208c20 9c209420 a4209c20 0000a420 00000000 00000000 00000000 00000000 00000000 00000000 00000000 00000000 00000000 00000000 
00000023 00000000 00000000 00000000 00000000 00000000 00000000 00000000 00000000 00000000 00000000 00000000 5c405c40 64406440 6c406c40 74407440 7c407c40 84408440 8c408440 94408c40 9c409440 a4409c40 00000000 00000000 00000000 00000000 00000000 00000000 00000000 00000000 00000000 00000000 00000000 
00000024 00000000 00000000 00000000 00000000 00000000 00000000 00000000 00000000 00000000 00000000 00000000 5c605c60 64606460 6c606c60 74607460 7c607c60 84608460 8c608460 94608c60 9c609460 a4609c60 00000000 00000000 00000000 00000000 00000000 00000000 00000000 00000000 00000000 00000000 00000000 
00000025 00000000 00000000 00000000 00000000 00000000 00000000 00000000 00000000 00000000 00000000 00000000 5c800000 64806480 6c806c80 74807480 7c807c80 84808480 8c808480 94808c80 9c809480 00009c80 00000000 00000000 00000000 00000000 00000000 00000000 00000000 00000000 00000000 00000000 00000000 
00000026 00000000 00000000 00000000 00000000 00000000 00000000 00000000 00000000 00000000 00000000 00000000 5ca00000 64a064a0 6ca06ca0 74a074a0 7ca07ca0 84a084a0 8ca084a0 94a08ca0 9ca094a0 00009ca0 00000000 00000000 00000000 00000000 00000000 00000000 00000000 00000000 00000000 00000000 00000000 
00000027 00000000 00000000 00000000 00000000 00000000 00000000 00000000 00000000 00000000 00000000 00000000 00000000 64c064c0 6cc06cc0 74c074c0 7cc07cc0 84c084c0 8cc084c0 94c08cc0 9cc094c0 00000000 00000000 00000000 00000000 00000000 00000000 00000000 00000000 00000000 00000000 00000000 00000000 
00000028 00000000 00000000 00000000 00000000 00000000 00000000 00000000 00000000 00000000 00000000 00000000 00000000 64e064e0 6ce06ce0 74e074e0 7ce07ce0 84e084e0 8ce084e0 94e08ce0 9ce094e0 00000000 00000000 00000000 00000000 00000000 00000000 00000000 00000000 00000000 00000000 00000000 00000000 
00000029 00000000 00000000 00000000 00000000 00000000 00000000 00000000 00000000 00000000 00000000 00000000 00000000 65000000 6d006d00 75007500 7d007d00 85008500 8d008500 95008d00 00009500 00000000 00000000 00000000 00000000 00000000 00000000 00000000 00000000 00000000 00000000 00000000 00000000 
0000002a 00000000 00000000 00000000 00000000 00000000 00000000 00000000 00000000 00000000 00000000 00000000 00000000 65200000 6d206d20 75207520 7d207d20 85208520 8d208520 95208d20 00009520 00000000 00000000 00000000 00000000 00000000 00000000 00000000 00000000 00000000 00000000 00000000 00000000 
0000002b 00000000 00000000 00000000 00000000 00000000 00000000 00000000 00000000 00000000 00000000 00000000 00000000 00000000 6d406d40 75407540 7d407d40 85408540 8d408540 95408d40 00000000 00000000 00000000 00000000 00000000 00000000 00000000 00000000 00000000 00000000 00000000 00000000 00000000 
0000002c 00000000 00000000 00000000 00000000 00000000 00000000 00000000 00000000 00000000 00000000 00000000 00000000 00000000 6d606d60 75607560 7d607d60 85608560 8d608560 95608d60 00000000 00000000 00000000 00000000 00000000 00000000 00000000 00000000 00000000 00000000 00000000 00000000 00000000 
0000002d 00000000 00000000 00000000 00000000 00000000 00000000 00000000 00000000 00000000 00000000 00000000 00000000 00000000 6d800000 75807580 7d807d80 85808580 8d808580 00008d80 00000000 00000000 00000000 00000000 00000000 00000000 00000000 00000000 00000000 00000000 00000000 00000000 00000000 
0000002e 00000000 00000000 00000000 00000000 00000000 00000000 00000000 00000000 00000000 00000000 00000000 00000000 00000000 6da00000 75a075a0 7da07da0 85a085a0 8da085a0 00008da0 00000000 00000000 00000000 00000000 00000000 00000000 00000000 00000000 00000000 00000000 00000000 00000000 00000000 
0000002f 00000000 00000000 00000000 00000000 00000000 00000000 00000000 00000000 00000000 00000000 00000000 00000000 00000000 00000000 75c075c0 7dc07dc0 85c085c0 8dc085c0 00000000 00000000 00000000 00000000 00000000 00000000 00000000 00000000 00000000 00000000 00000000 00000000 00000000 00000000 
00000030 00000000 00000000 00000000 00000000 00000000 00000000 00000000 00000000 00000000 00000000 00000000 00000000 00000000 00000000 75e075e0 7de07de0 85e085e0 8de085e0 00000000 00000000 00000000 00000000 00000000 00000000 00000000 00000000 00000000 00000000 00000000 00000000 00000000 00000000 
00000031 00000000 00000000 00000000 00000000 00000000 00000000 00000000 00000000 00000000 00000000 00000000 00000000 00000000 00000000 76000000 7e007e00 86008600 00008600 00000000 00000000 00000000 00000000 00000000 00000000 00000000 00000000 00000000 00000000 00000000 00000000 00000000 00000000 
00000032 00000000 00000000 00000000 00000000 00000000 00000000 00000000 00000000 00000000 00000000 00000000 00000000 00000000 00000000 76200000 7e207e20 86208620 00008620 00000000 00000000 00000000 00000000 00000000 00000000 00000000 00000000 00000000 00000000 00000000 00000000 00000000 00000000 
00000033 00000000 00000000 00000000 00000000 00000000 00000000 00000000 00000000 00000000 00000000 00000000 00000000 00000000 00000000 00000000 7e407e40 86408640 00000000 00000000 00000000 00000000 00000000 00000000 00000000 00000000 00000000 00000000 00000000 00000000 00000000 00000000 00000000 
00000034 00000000 00000000 00000000 00000000 00000000 00000000 00000000 00000000 00000000 00000000 00000000 00000000 00000000 00000000 00000000 7e607e60 86608660 00000000 00000000 00000000 00000000 00000000 00000000 00000000 00000000 00000000 00000000 00000000 00000000 00000000 00000000 00000000 
00000035 00000000 00000000 00000000 00000000 00000000 00000000 00000000 00000000 00000000 00000000 00000000 00000000 00000000 00000000 00000000 7e800000 00008680 00000000 00000000 00000000 00000000 00000000 00000000 00000000 00000000 00000000 00000000 00000000 00000000 00000000 00000000 00000000 
00000036 00000000 00000000 00000000 00000000 00000000 00000000 00000000 00000000 00000000 00000000 00000000 00000000 00000000 00000000 00000000 7ea00000 000086a0 00000000 00000000 00000000 00000000 00000000 00000000 00000000 00000000 00000000 00000000 00000000 00000000 00000000 00000000 00000000 
00000037 00000000 00000000 00000000 00000000 00000000 00000000 00000000 00000000 00000000 00000000 00000000 00000000 00000000 00000000 00000000 00000000 00000000 00000000 00000000 00000000 00000000 00000000 00000000 00000000 00000000 00000000 00000000 00000000 00000000 00000000 00000000 00000000 
00000038 00000000 00000000 00000000 00000000 00000000 00000000 00000000 00000000 00000000 00000000 00000000 00000000 00000000 00000000 00000000 00000000 00000000 00000000 00000000 00000000 00000000 00000000 00000000 00000000 00000000 00000000 00000000 00000000 00000000 00000000 00000000 00000000 
00000039 00000000 00000000 00000000 00000000 00000000 00000000 00000000 00000000 00000000 00000000 00000000 00000000 00000000 00000000 00000000 00000000 00000000 00000000 00000000 00000000 00000000 00000000 00000000 00000000 00000000 00000000 00000000 00000000 00000000 00000000 00000000 00000000 
0000003a 00000000 00000000 00000000 00000000 00000000 00000000 00000000 00000000 00000000 00000000 00000000 00000000 00000000 00000000 00000000 00000000 00000000 00000000 00000000 00000000 00000000 00000000 00000000 00000000 00000000 00000000 00000000 00000000 00000000 00000000 00000000 00000000 
0000003b 00000000 00000000 00000000 00000000 00000000 00000000 00000000 00000000 00000000 00000000 00000000 00000000 00000000 00000000 00000000 00000000 00000000 00000000 00000000 00000000 00000000 00000000 00000000 00000000 00000000 00000000 00000000 00000000 00000000 00000000 00000000 00000000 
0000003c 00000000 00000000 00000000 00000000 00000000 00000000 00000000 00000000 00000000 00000000 00000000 00000000 00000000 00000000 00000000 00000000 00000000 00000000 00000000 00000000 00000000 00000000 00000000 00000000 00000000 00000000 00000000 00000000 00000000 00000000 00000000 00000000 
0000003d 00000000 00000000 00000000 00000000 00000000 00000000 00000000 00000000 00000000 00000000 00000000 00000000 00000000 00000000 00000000 00000000 00000000 00000000 00000000 00000000 00000000 00000000 00000000 00000000 00000000 00000000 00000000 00000000 00000000 00000000 00000000 00000000 
0000003e 00000000 00000000 00000000 00000000 00000000 00000000 00000000 00000000 00000000 00000000 00000000 00000000 00000000 00000000 00000000 00000000 00000000 00000000 00000000 00000000 00000000 00000000 00000000 00000000 00000000 00000000 00000000 00000000 00000000 00000000 00000000 00000000 
0000003f 00000000 00000000 00000000 00000000 00000000 00000000 00000000 00000000 00000000 00000000 00000000 00000000 00000000 00000000 00000000 00000000 00000000 00000000 00000000 00000000 00000000 00000000 00000000 00000000 00000000 00000000 00000000 00000000 00000000 00000000 00000000 00000000 
  depth buffer, same counts: 00000000 00000000 00000000 
  W f041d020 00000b00 
  poll ok after us: 000006c9 last 424e0908 
 powered down:
  f041d020 424e0908 
probe done
