IR NEC probe kbd1 0xf0419900
saved params 0-27: 00000814 00000488 00000054 000000a4 00000040 00000d04 00000016 0000000e 00000833 00000001 00000084 00000081 00000201 00000c60 00000002 000001d0 00000000 00000000 00000000 00000000 00000000 00000000 00000000 00000000 00000000 00000000 00000000 00000000 
CMD after enable: 00000037 
PRESS REMOTE KEYS NOW (90 s). cols: L2-STATUS KBD-STATUS DATA1 DATA0
00000001 00000055 00000000 ff000820 
00000001 00000037 00000000 ff000820 
00000001 00000055 00000000 fa050820 
00000001 00000037 00000000 fa050820 
00000001 00000055 00000000 fb040820 
00000001 00000037 00000000 fb040820 
00000001 00000055 00000000 ef100820 
00000001 00000037 00000000 ef100820 
00000001 00000055 00000000 ee110820 
00000001 00000037 00000000 ee110820 
00000001 00000055 00000000 a55a0820 
00000001 00000037 00000000 a55a0820 
00000001 00000055 00000000 e7180820 
00000001 00000037 00000000 e7180820 
00000001 00000055 00000000 e6190820 
00000001 00000037 00000000 e6190820 
00000001 00000055 00000000 e51a0820 
00000001 00000037 00000000 e51a0820 
00000001 00000055 00000000 e41b0820 
00000001 00000037 00000000 e41b0820 
00000001 00000055 00000000 ea150820 
00000001 00000037 00000000 ea150820 
00000001 00000037 00000000 ea150820 
00000001 00000037 00000000 ea150820 
00000001 00000037 00000000 ea150820 
00000001 00000037 00000000 ea150820 
00000001 00000055 00000000 ed120820 
00000001 00000037 00000000 ed120820 
00000001 00000037 00000000 ed120820 
00000001 00000037 00000000 ed120820 
00000001 00000037 00000000 ed120820 
00000001 00000037 00000000 ed120820 
00000001 00000037 00000000 ed120820 
00000001 00000055 00000000 e9160820 
00000001 00000037 00000000 e9160820 
00000001 00000037 00000000 e9160820 
00000001 00000037 00000000 e9160820 
00000001 00000037 00000000 e9160820 
00000001 00000037 00000000 e9160820 
00000001 00000055 00000000 ec130820 
00000001 00000037 00000000 ec130820 
00000001 00000037 00000000 ec130820 
00000001 00000037 00000000 ec130820 
00000001 00000037 00000000 ec130820 
00000001 00000037 00000000 ec130820 
00000001 00000037 00000000 ec130820 
00000001 00000055 00000000 eb140820 
00000001 00000037 00000000 eb140820 
00000001 00000037 00000000 eb140820 
00000001 00000037 00000000 eb140820 
00000001 00000037 00000000 eb140820 
00000001 00000037 00000000 eb140820 
00000001 00000037 00000000 eb140820 
00000001 00000055 00000000 fd020820 
00000001 00000037 00000000 fd020820 
00000001 00000037 00000000 fd020820 
00000001 00000037 00000000 fd020820 
00000001 00000037 00000000 fd020820 
00000001 00000055 00000000 fc030820 
00000001 00000037 00000000 fc030820 
00000001 00000037 00000000 fc030820 
00000001 00000037 00000000 fc030820 
00000001 00000037 00000000 fc030820 
00000001 00000055 00000000 f9060820 
00000001 00000037 00000000 f9060820 
00000001 00000037 00000000 f9060820 
00000001 00000037 00000000 f9060820 
00000001 00000037 00000000 f9060820 
00000001 00000055 00000000 f8070820 
00000001 00000037 00000000 f8070820 
00000001 00000037 00000000 f8070820 
00000001 00000037 00000000 f8070820 
00000001 00000055 00000000 b34c0820 
00000001 00000037 00000000 b34c0820 
00000001 00000055 00000000 bc430820 
00000001 00000037 00000000 bc430820 
00000001 00000055 00000000 b24d0820 
00000001 00000037 00000000 b24d0820 
00000001 00000055 00000000 b54a0820 
00000001 00000037 00000000 b54a0820 
00000001 00000055 00000000 b6490820 
00000001 00000055 00000000 b6490820 
00000001 00000055 00000000 e01f0820 
00000001 00000037 00000000 e01f0820 
00000001 00000037 00000000 e01f0820 
00000001 00000055 00000000 b44b0820 
00000001 00000055 00000000 f00f0820 
00000001 00000037 00000000 f00f0820 
00000001 00000055 00000000 f40b0820 
00000001 00000037 00000000 f40b0820 
00000001 00000037 00000000 f40b0820 
00000001 00000055 00000000 af500820 
00000001 00000037 00000000 af500820 
00000001 00000055 00000000 ee110820 
00000001 00000037 00000000 ee110820 
00000001 00000055 00000000 f30c0820 
00000001 00000055 00000000 ef100820 
00000001 00000037 00000000 ef100820 
00000001 00000037 00000000 ef100820 
00000001 00000055 00000000 b8470820 
00000001 00000037 00000000 b8470820 
00000001 00000055 00000000 a8570820 
00000001 00000037 00000000 a8570820 
00000001 00000055 00000000 f10e0820 
00000001 00000037 00000000 f10e0820 
00000001 00000055 00000000 b9460820 
00000001 00000037 00000000 b9460820 
00000001 00000055 00000000 bb440820 
00000001 00000037 00000000 bb440820 
00000001 00000055 00000000 bf400820 
00000001 00000037 00000000 bf400820 
00000001 00000055 00000000 be410820 
00000001 00000037 00000000 be410820 
00000001 00000055 00000000 bd420820 
00000001 00000037 00000000 bd420820 
00000001 00000055 00000000 e11e0820 
00000001 00000037 00000000 e11e0820 
00000001 00000055 00000000 e21d0820 
00000001 00000037 00000000 e21d0820 
00000001 00000055 00000000 e31c0820 
00000001 00000037 00000000 e31c0820 
00000001 00000055 00000000 ff000820 
00000001 00000037 00000000 ff000820 
00000001 00000055 00000000 fa050820 
00000001 00000037 00000000 fa050820 
00000001 00000055 00000000 fb040820 
00000001 00000037 00000000 fb040820 
00000001 00000055 00000000 ea150820 
00000001 00000037 00000000 ea150820 
00000001 00000055 00000000 f30c0820 
00000001 00000037 00000000 f30c0820 
00000001 00000055 00000000 ef100820 
00000001 00000037 00000000 ef100820 
00000001 00000055 00000000 ee110820 
00000001 00000037 00000000 ee110820 
00000001 00000055 00000000 ea150820 
00000001 00000037 00000000 ea150820 
00000001 00000055 00000000 af500820 
00000001 00000037 00000000 af500820 
00000001 00000055 00000000 f40b0820 
00000001 00000037 00000000 f40b0820 
codes received: 0000008d 
restored STATUS CMD CIR_DATA L2: 00000014 00000007 00000814 00000000 
probe done
